- úloha 51
- nedeterminismus dìr X u úlohy 15
- ??? ukonèení session pøed dokonèením vyhodnocení?


:40000
[10, 181, 298, 381, 491, 691, 694, 1105, 1276, 1355, 1761, 2093, 2177, 2179, 2389, 2483, 2721, 2845, 3132, 3317, 4714, 5021, 5240, 5296, 5812, 6867, 7156, 7357, 7760, 7883, 7962, 8013, 8198, 8232, 8250, 9143, 9293, 9298, 9393, 9635, 9714, 9901, 9920, 9975, 9977, 9993, 10139, 10683, 10796, 10813, 11248, 11645, 11705, 11865, 12528, 12976, 13504, 13538, 14591, 15132, 15152, 15313, 15521, 16166, 16735, 17005, 17094, 17472, 17533, 18620, 18805, 19050, 19147, 20385, 21884, 21951, 22784, 23244, 23621, 24327, 24353, 24578, 24754, 24891, 25099, 25202, 25358, 25518, 25750, 25848, 26239, 26431, 26527, 26547, 26748, 26762, 26828, 27891, 28024, 28889, 29100, 29390, 29941, 30468, 30630, 31521, 31794, 32748, 32913, 33344, 33485, 33768, 34032, 34082, 35183, 35317, 35599, 35913, 36038, 36057, 36090, 36123, 36214, 36364, 36480, 36570, 36648, 36766, 36948, 37684, 38229, 38352, 39009, 39202, 39248, 39495, 40624, 40960, 41406, 42281, 42286, 42353, 42740, 42790, 42847, 42896, 43083, 43941, 43994, 44443, 44586, 44837, 44856, 45259, 45724, 45914, 46144, 46292, 47040, 48212, 49097, 49289, 49608, 49841, 50511, 50704, 51008, 51159, 51925, 52911, 53397, 53407, 54545, 57111, 57566, 57582, 58215, 58467, 59110, 59176, 59195, 60258, 60361, 60950, 61485, 61618, 61662, 62032, 62446, 62692, 62728, 63609, 63862, 64045, 64379, 65596, 66438, 66691, 67248, 67604, 67729, 67759, 68605, 68880, 69483, 70068, 70135, 70136, 70184, 72434, 72867, 72907, 72912, 73003, 73165, 73232, 73267, 73302, 74424, 74430, 74922, 75200, 75486, 75610, 75754, 76108, 76201, 78015, 80060, 80066, 80321, 80531, 80853, 81374, 81828, 85793, 86007, 86210, 86236, 86244, 86298, 86373, 86594, 86613, 86714, 87198, 87557, 88176, 88512, 88688, 89215, 89449, 92075, 95000, 96232, 97004, 97724, 97783, 98867, 99307, 99470, 100029, 100192, 101110, 101150, 101211, 101215, 101342, 101523, 102090, 102152, 103256, 103263, 103280, 103320, 103457, 103616, 103895, 104391, 107855, 108362, 109287, 109318, 111190, 112214, 112856, 113301, 113447, 113770, 113954, 114459, 114653, 114939, 115059, 115696, 115876, 116225, 117372, 119918, 120100, 120297, 120661, 121081, 121864, 121870, 121884, 121897, 121906, 123656, 123699, 123882, 124375, 124467, 124527, 124726, 124946, 125072, 125770, 126054, 126305, 127031, 127648, 129320, 129377, 129379, 129563, 129806, 131501, 131825, 133278, 135108, 135129, 135287, 135337, 135874, 137556, 138970, 139450, 139948, 139962, 140094, 141119, 141147, 141148, 141323, 141411, 141741, 141989, 142025, 142125, 142327, 143191, 143192, 143193, 143217, 143398, 144244, 145938, 148380, 149108, 149126, 150380, 150871, 151453, 151455, 151511, 151543, 151734, 151794, 151976, 152415, 152455, 152652, 152819, 153763, 153783, 154036, 154266, 154326, 154448, 154588, 154676, 154682, 154812, 154816, 154817, 154925, 155277, 155317, 155544, 155546, 155843, 155846, 155930, 156015, 156432, 156656, 157379, 157762, 158587, 158753, 159281, 159323, 159346, 159375, 160387, 160884, 160949, 161357, 161465, 162682, 162812, 163118, 163506, 164067, 165226, 165402, 165754, 165781, 165935, 166760, 167685, 170427, 170749, 170765, 171336, 171784, 172676, 172689, 172692, 172887, 173075, 173299, 174056, 174057, 174756, 175130, 175749, 176817, 176994, 177497, 177881, 177883, 178124, 178676, 178893, 180786, 181573, 181607, 181616, 181681, 181701, 181707, 181718, 182407, 182654, 182969, 183015, 183100, 183420, 184280, 184318, 184360, 184638, 186091, 186566, 187149, 187319, 188417, 189058]

[190827, 191166, 191354, 191748, 192297, 192754, 193544, 194965, 195159, 195810, 195914, 196026, 196285, 197020, 198220, 
200413, 200461, 200477, 200984, 202776, 202845, 203017, 203130, 203274, 203466, 204070, 204333, 205111, 205607, 205637, 205661, 205765, 205985, 207106, 208927, 208986, 209422, 209553, 209912, 210438, 212230, 212237, 213012, 215378, 215428, 215999, 216097, 216668, 217108, 218328, 218490, 218593, 218613, 219101, 219689, 219802, 219855, 220465, 220593, 221864, 222171, 225818, 226909, 227089, 227832, 227898, 228203, 228414, 228811, 229076, 229105, 229535, 229740, 230808, 232379, 232861, 233125, 233481, 233575, 233607, 233629, 233689, 233711, 233991, 234080, 234842, 237049, 237050, 239475, 239510, 239741, 240061, 240121, 240198, 240340, 240505, 241823, 242059, 242163, 242326, 243346, 244299, 244492, 244734, 244894, 245285, 245306, 245353, 245452, 247692, 248082, 248096, 248571, 250443, 250453, 250804, 250819, 250861, 250883, 250947, 251190, 251644, 253145, 253518, 253540, 254449, 255428, 255434, 255440, 255593, 256013, 256516, 256918, 257283, 257334, 257353, 257436, 257535, 257915, 257924, 258618, 258829, 259455, 259524, 259538, 259793, 259795, 259870, 261460, 261475, 261485, 261894, 261943, 262633, 263507, 263952, 264872, 264962, 265477, 266713, 266868, 266920, 267010, 267102, 267369, 267683, 268094, 269052, 269254, 269907, 269937, 271132, 271796, 272029, 272039, 272315, 272988, 274873, 274932, 275172, 275179, 275313, 275959, 275992, 276056, 276828, 276937, 277069, 277317, 277419, 277741, 278013, 278511, 279289, 279391, 279465, 280107, 280217, 280530, 280866, 280956, 281784, 282148, 282451, 283392, 284601, 284913, 285084, 285212, 285325, 285521, 285577, 285613, 285866, 286363, 286373, 286525, 286553, 286851, 287383, 287650, 288368, 288685, 289169, 289203, 290055, 290175, 290855, 291514, 292117, 292957, 293008, 293823, 294077, 294283, 295019, 295164, 295424, 295429, 295457, 295523, 295733, 297174, 297300, 297564, 297574, 298278, 299755, 299807, 299919, 
300085, 300091, 300186, 300224, 300339, 300744, 301195, 301198, 301334, 301434, 301664, 302281, 302295, 302397, 305381, 305587, 305673, 305710, 306478, 306518, 306520, 306708, 307080, 307320, 307512, 307653, 308554, 309505, 310470, 311330, 311605, 312279, 312850, 314182, 314272, 314547, 314864, 314873, 314952, 315205, 315727, 316283, 317186, 317419, 317557, 317616, 318284, 318798, 318978, 319178, 319574, 320207, 321060, 321765, 321838, 322103, 322137, 322178, 322198, 323712, 323721, 323805, 324027, 324031, 324088, 324264, 324348, 324551, 324588, 325093, 325160, 325198, 325207, 326027, 326825, 327030, 327392, 327609, 328759, 328869, 331032, 331266, 331619, 331625, 332023, 332528, 334097, 334100, 334202, 334250, 335545, 335886, 336040, 336589, 337114, 337955, 338176, 338510, 339178, 339596, 339812, 339848, 340230, 340381, 340711, 340916, 341380, 341855, 341913, 341978, 341981, 342220, 342766, 343180, 343654, 343951, 345927, 346215, 348444, 349787, 351280, 353877, 354123, 354193, 354470, 354546, 354950, 354986, 355109, 355223, 356103, 356393, 356684, 356857, 356920, 358533, 360373, 360703, 361020, 361032, 361250, 361279, 362038, 362054, 363903, 363973, 366550, 367801, 367829, 368228, 368845, 369114, 369404, 369774, 369789, 369926, 370077, 370206, 370362, 370811, 371083, 371223, 371520, 371532, 371694, 372053, 375234, 375816, 375819, 376050, 376089, 376207, 376449, 376504, 376767, 376993, 377060, 377110, 377976, 378442, 379426, 379908, 379992, 381709, 383946, 386039, 387292, 387520, 387881, 387984, 388006, 388132, 388257, 388405, 388758, 388861, 389089, 390183, 390209, 390340, 391974, 391991, 392010, 392429, 392832, 392853, 393008, 393208, 393280, 393311, 393612, 394406, 395389, 395538, 395585, 396013, 396091, 396205, 396223, 396330, 396392, 396555, 397346, 397546, 398282, 398612, 399342, 399491, 
401264, 402635, 402870, 402871, 403480, 406806, 406811, 408990, 410028, 411063, 411508, 411572, 411709, 411733, 411748, 412031, 412145, 412445, 413989, 414034, 414827, 414879, 415952, 416855, 416911, 416916, 416940, 417165, 420994, 421128, 421672, 422253, 422359, 422598, 422636, 423309, 423476, 423488, 423505, 423676, 423720, 424076, 424513, 425202, 425522, 426394, 426429, 427526, 428930, 429791, 431566, 431779, 431996, 432050, 432095, 432130, 432191, 432565, 433469, 434042, 436225, 437248, 437627, 438174, 438423, 438821, 439500, 439579, 439644, 439734, 442366, 442822, 443090, 444514, 444882, 445108, 445609, 446037, 446217, 446389, 446459, 446737, 446808, 447198, 447357, 447614, 447617, 447839, 447935, 447936, 448275, 448492, 448552, 449114, 449410, 449452, 449616, 449979, 450164, 450241, 450650, 451046, 451254, 451281, 451351, 452006, 452102, 452338, 453451, 455036, 455782, 455980, 456691, 456705, 456747, 457148, 457178, 458427, 458968, 461416, 471105, 475166, 475314, 477090, 478725, 479781, 480186, 482401, 484139, 484514, 485551, 485671, 
500608, 502892, 502905, 502908, 503216, 507238, 509582, 513129, 515173, 517075, 526084, 535518, 541388, 541555, 541971, 550853, 559121, 560848, 566075, 567097, 577280, 579781, 582478, 584002, 584481, 585449, 590202, 592399, 592777, 594270, 595942, 598833, 
600009, 609434, 628885, 634773, 634798, 636928, 643829, 643998, 644017, 644029, 644306, 644310, 644317, 644322, 644989, 645198, 645202, 646498, 651982, 661132, 664221, 665219, 672723, 673684, 673686, 673703, 678025, 697835, 697855, 
700325, 700391, 700408, 700409, 701215, 701597, 702976, 704740, 715024, 715472, 716770, 717732, 720261, 721638, 722572, 724657, 724707, 728666, 755186, 755716, 757400, 762592, 767341, 767985, 774710, 775089, 776795, 779527, 782755, 784397, 787518, 797896, 798711, 798724, 
804072, 804295, 805143, 811228, 816342, 820636]

1181
929
252